330019
414061
109229
827392
918273
482930
651429
784210
529381
160347
314209
907482
673182
245813
592740
371062
680924
159372
724501
823746
491205
637281
910284
256431
748239
194527
630874
512946
829104
745182
983124
650273
481920
719385
246893
630217
758294
392471
841276
516302
209387
782146
319824
568291
473210
892563
105672
764582
930214
482159
621908
173045
597216
230594
482371
697401
528306
349217
610428
852091
497120
321678
780243
529174
482913
764208
193852
630182
514293
278345
819204
573102
420918
385124
794620
123978
609284
218457
734501
569203
391284
684029
147203
592174
378912
840291
561478
920481
203496
743215
189327
569241
304172
814296
720318
549283
372510
815320
607213
428105
914287
265491
830741
391762