8808.00
5491.64
3112.57
3580.14
2535.82
5805.53
8694.80
6579.76
4567.91
6087.17
4661.08
2092.22
3769.01
7175.18
6732.26
4059.24
3750.31
2477.67
6460.86
5145.35
2727.41
6442.95
4265.44
6290.38
2219.95
6091.96
7962.39
1938.00
5854.79
2696.91
3851.80
2000.55
1963.69
7931.99
6931.84
2479.97
4530.82
4658.46
3221.55
2872.10
4454.24
3506.20
3913.31
1653.19
7925.79
2498.06
3668.81
3426.47
3602.31
7419.42
7812.43
6849.47
4192.13
6643.87
1927.87
5128.13
6324.65
5025.82
4950.11
4617.70
6012.15
8120.16
4701.16
8805.94
3225.99
1937.09
4106.47
6534.99
4874.85
6916.14
2194.99
3074.85
5832.83
3867.17
7625.42
8450.62
8979.12
4226.56
5575.99
6227.30
6848.13
2571.72
5498.43
2486.40
4346.46
7139.34
8878.17
8030.00
3539.33
6517.49
1945.44
5991.73
4782.73
3705.16
5642.87
5667.34
3030.62
5015.35
8686.45
7322.64
5279.06
7140.80
7973.23
8214.63
4505.70
6276.20
4964.94
6718.73
6824.42
1920.94
2450.40
4023.65
4783.33
4001.10
5420.58
5412.64
8288.12
4461.72
2068.17
8846.96
2315.20
3695.01
8629.39
5486.53
2606.53
2981.28
2412.16
3451.85
4337.20
7279.77
5674.19
3352.83
2946.38
3940.83
8515.54
5262.80
7401.81
1971.26
3407.46
5800.24
4095.23
5473.26
2930.67
2051.05
3575.73
3285.87
8443.88
7345.27
8908.05
8483.04
3036.04
8389.50
8615.50
6574.44
3302.33
2178.32
8909.44
8431.14
5584.21
2754.71
8439.10
3124.35
8160.22
2457.25
4962.17
3137.90
6907.97
7460.65
2082.50
7882.59
1752.63
2813.59
6469.85
2105.50
3829.43
4254.73
4968.36
6174.52
4543.92
6912.65
8078.81
7664.74
6079.11
3241.73
6319.37
4883.64
2467.66
6653.91
3973.56
5221.75
8915.66
7551.47
3154.94
4366.59
3545.35
5903.17
2473.76
6564.72
3855.51
7745.94
7655.28
4563.07
5852.99
5574.53
3339.47
7131.36
5126.21
6679.09
2721.65
8077.17
6652.30
4171.05
8411.31
3388.01
1760.52
5638.14
8874.56
6673.48
5765.03
6212.56
7846.15
7142.25
2078.63
2661.05
2798.15
6286.27
8210.38
7585.53
5276.89
7500.92
2298.47
7857.21
1684.39
4048.46
4852.58
5843.60
5819.59
6098.84
7495.60
6211.62
8008.44
5407.33
2071.58
8953.36
7125.71
7928.42
6543.65
8076.06
2366.41
3761.76
7435.41
4498.38
3051.06
2865.22
3108.13
4614.66
3750.06
1695.50
7009.11
3383.27
3787.22
5650.18
2918.92
4844.99
8054.89
2646.56
6866.17
6390.38
6614.32
6727.24
4288.25
1916.22
8093.59
8049.17
4974.12
4602.78
2331.45
7907.11
4264.99
7567.13
4253.99
6629.41
2646.04
5428.16
4163.83
5249.43
6999.46
8782.12
3668.18
7561.35
5303.76
8485.72
5787.82
1757.07
6077.72
5652.27
7266.48
1996.16
7894.15
2047.95
8869.79
3641.51
2946.28
7622.89
1766.67
8939.30
2333.48
3650.96
3839.87
3269.03
7879.85
8101.85
5352.20
7905.54
3579.00
3374.78
7641.15
7714.42
2415.96
7457.22
7640.06
4381.05
5556.97
5762.07
2498.64
7772.52
8596.84
8529.20
7912.26
8160.00
7559.11
4772.31
4028.98
3087.92
6857.57
5087.38
8533.96
5748.58
6503.93
4702.75
4674.98
3536.76
4240.29
8999.73
8518.29
8901.31
7419.25
8589.43
8254.94
8020.61
3941.85
8475.99
3364.26
5476.31
2097.94
2313.42
1790.59
8670.02
4251.31
6423.12
6931.44
2772.68
8207.36
7998.29
7944.24
7444.84
7371.72
3566.36
8015.90
3548.10
3337.67
8794.44
4890.34
7544.03
8363.44
5764.74
4122.33
5942.28
5355.71
7855.05
7710.22
5897.12
5891.52
3583.66
7656.99
3212.39
4860.60
3435.57
3824.17
6453.83
7806.54
6479.47
4156.49
7888.36
5639.84
4583.51
8852.13
8405.20
8282.30
6323.75
5599.74
8975.21
3592.85
4665.88
1904.09
2702.61
6900.96
2156.60
6115.29
8919.81
3921.95
6478.10
5967.76
2623.01
4739.64
3637.25
5028.93
7271.68
7049.43
5113.31
6271.67
3220.64
8764.70
8821.37
8468.82
2081.31
4906.01
2671.11
2897.09
5832.77
3592.73
7729.30
3388.26
4056.12
6144.51
8403.90
2729.58
5033.21
8760.58
7331.46
3308.90
8159.20
4961.88
6513.34
8884.71
8883.96
6109.69
4888.07
7483.85
7077.87
6286.22
4391.25
6083.28
3765.85
1954.86
5139.76
8487.78
5533.97
3633.87
3368.90
6586.94
6454.62
4021.82
6665.57
4593.50
8386.63
8860.53
4902.97
2511.56
8708.34
5352.32
3063.22
1939.60
8112.21
7470.50
5761.38
1768.81
6830.05
7323.98
3664.63
6722.73
8147.26
2482.46
2148.75
8111.60
8374.42
1971.91
6553.66
2256.92
6384.01
7347.20
5144.76
5099.88
6408.26
6347.18
8587.56
5182.08
2341.84
8433.54
2139.62
7451.79
5601.21
4964.37
4228.96
3051.40
5491.14
7145.22
2726.05
5253.04
5656.23
5751.82
5315.97
4887.67
3486.28
1913.51
3601.14
8187.77
5575.25
7157.81
1650.22
8214.01
2554.39
7135.52
6023.33
5304.62
6359.92
6221.73
4132.73
1925.23
6836.89
6594.11
5725.75
2336.45
3855.54
7253.31
4433.14
3952.22
2096.06
6303.77
8123.30
2850.58
4297.53
1977.88
7364.23
7447.56
7361.01
2809.68
5098.69
6896.76
7891.27
7412.74
7580.33
4581.40
7659.00
1803.84
2183.62
2644.93
3070.63
6707.90
5553.64
7304.95
5931.05
7754.41
4819.27
4261.32
2714.29
3220.78
6411.85
4765.04
6463.59
5723.60
4721.71
2994.17
3333.13
8525.30
2728.92
7714.46
2500.22
6681.74
5613.21
2156.97
4451.65
1937.38
8209.01
7929.32
8794.20
2600.82
7278.06
5119.96
2230.60
5904.32
8150.81
1945.55
4745.18
3959.01
5114.58
5146.67
8129.47
5567.93
6856.44
3406.08
5321.96
5443.70
7709.86
8075.07
4629.73
7925.06
8986.12
2979.64
5870.00
4794.79
5824.19
4026.49
6851.08
3945.42
4917.46
5006.04
8617.06
2406.83
2243.95
6925.86
5587.58
8293.55
6097.07
1931.12
6260.08
4861.66
2302.76
7751.38
2518.06
2449.75
3124.48
5201.74
1716.95
2826.95
7393.66
8837.24
2036.99
7969.03
2601.21
3999.99
4585.18
1698.86
2043.99
6714.08
4796.90
3888.59
6430.18
2300.56
4719.88
6792.24
8340.19
3837.14
2909.08
7562.62
1937.05
6495.35
5897.22
7844.56
8744.98
5897.88
3656.19
5585.54
3271.74
4113.63
8764.08
6233.44
2934.32
5178.42
5532.72
6972.66
8410.09
8139.11
7946.85
7863.46
3739.88
5711.29
3701.76
5292.26
2529.84
1847.49
2139.07
7617.66
6999.61
8477.39
1979.69
7436.51
6204.91
5527.94
5169.51
4576.26
5956.75
6486.74
7404.50
5214.90
8855.55
7205.59
5698.74
1821.86
5410.46
2249.82
3819.29
5054.31
4062.24
6261.49
6604.05
5311.49
7144.44
2704.85
7070.15
2848.00
4047.25
3522.21
8839.40
6792.48
7504.10
6266.27
5029.62
1892.79
5060.22
5823.58
5346.62
3767.20
2995.82
2284.45
8086.67
7944.60
7650.01
1784.48
1996.97
8721.20
8894.95
7680.30
2679.28
4917.94
6370.40
3939.14
2996.23
8855.04
8492.27
8956.72
7352.51
8470.62
8729.53
7752.68
5827.85
2000.40
3758.09
4327.35
3431.42
8480.45
1666.66
6565.64
5483.19
5790.89
7804.96
2593.62
5437.58
3837.18
6056.36
2663.89
7030.50
7717.81
3853.45
6095.88
8745.88
3211.47
3001.09
8503.52
4056.49
2985.47
5525.25
8409.18
2803.02
4867.75
6714.49
3795.63
5004.65
5221.93
5488.88
4654.18
2804.54
8310.29
3299.76
8421.52
6914.82
3832.45
8403.55
7448.17
5901.62
2761.84
7437.68
5307.42
5676.21
3200.45
8979.36
5311.90
8065.66
3236.27
5355.57
2195.44
2274.46
8574.15
3032.37
5690.64
2287.03
8983.27
4494.55
6112.09
4640.29
8641.54
2876.71
5492.34
2855.99
1660.87
6345.44
3077.84
6465.51
7873.23
5462.84
3892.34
4732.98
3936.22
2152.08
3899.27
5860.25
5078.57
5939.20
3194.02
6585.76
8668.26
7651.15
7402.40
4667.42
7405.20
2138.73
7737.83
3211.50
5307.66
5267.47
3456.61
4053.74
5754.94
3901.46
3379.82
1929.10
8931.99
7935.75
6630.39
4477.61
6089.63
4893.84
3088.09
6083.70
5442.81
6147.98
4673.87
6942.58
5736.70
4847.38
4313.16
2071.44
6368.17
6023.37
4738.10
3449.20
2917.25
2081.84
4082.23
6509.63
4364.31
3562.53
7074.98
7200.75
7123.45
8887.25
8644.34
4395.26
8003.98
6282.26
7263.23
8007.43
4110.83
3959.87
6966.92
8179.50
4488.71
2275.22
8559.96
7219.67
4012.38
6650.77
2124.96
6028.84
4944.89
8034.78
8695.21
5825.98
7993.81
2400.22
2762.39
7417.81
7726.06
4714.78
8588.19
5878.14
3016.26
2047.37
5792.33
8160.03
3638.57
6504.90
8829.38
8649.96
6698.29
8697.09
4843.36
8905.87
2280.71
4790.20
7288.64
3374.26
5312.15
4529.65
7834.63
3302.78
3533.98
2999.58
5949.33
6033.43
3542.57
6581.70
6677.27
4430.38
7987.30
8078.63
3585.19
4324.54
6771.90
2271.62
5020.31
5010.44
7358.28
4387.47
3193.17
2079.72
8890.01
3256.47
3657.52
1884.88
6769.70
2996.81
7181.85
4050.10
6531.40
4001.78
3838.52
4874.33
3172.99
1867.56
4311.96
7862.53
7599.97
6281.69
4350.32
2030.50
3326.23
3174.30
5859.95
2107.82
7916.84
1891.33
8333.53
4082.32
6428.17
2492.76
1742.46
8785.42
2505.27
6019.79
6229.40
7293.66
4144.02
2050.44
4665.76
6316.52
1777.71
7998.46
5014.58
5239.24
2810.47
6924.16
6145.26
2392.65
2970.31
8314.52
6270.28
3559.99
8221.31
6000.38
